20 Arcminutes     
Center  North  East  South  West 
3h33m01s 88d09m22s    
1.083 0.649 1.211 1.373 1.304 
12h55m25s -52d40m15s    
0.778 0.705 0.796 0.554 0.617 
15h11m22s -41d01m08s    
0.222 0.258 0.245 0.271 0.253 
14h36m59s 30d45m20s    
0.035 0.036 0.032 0.035 0.039 
20h29m30s -34d26m45s    
0.128 0.132 0.108 0.163 0.132 
12h21m29s -17d28m23s    
0.156 0.11 0.135 0.114 0.163 
9h31m12s -30d36m53s    
0.346 0.307 0.328 0.351 0.354 
18h04m26s -12d52m43s    
2.915 3.103 4.631 3.111 3.483 
17h40m28s 65d39m35s    
0.118 0.103 0.128 0.109 0.12 
21h18m39s -46d35m10s    
0.088 0.101 0.085 0.097 0.12 
9h48m05s -87d54m45s    
0.366 0.457 0.405 0.594 0.333 
0h27m34s -33d28m04s    
0.032 0.033 0.029 0.032 0.033 
0h44m56s 56d25m34s    
0.982 1.33 1.031 1.466 1.003 
22h09m57s -72d58m38s    
0.084 0.077 0.083 0.083 0.099 
23h00m55s -24d04m47s    
0.091 0.091 0.083 0.091 0.078 
20h00m46s 65d08m28s    
0.49 0.535 0.536 0.512 0.337 
1h11m22s 55d14m06s    
1.056 1.431 1.262 1.147 1.231 
21h04m18s 74d01m31s    
2.075 1.686 2.017 2.387 2.143 
23h29m42s -82d29m10s    
0.872 0.58 0.826 0.386 0.683 
16h31m33s -65d49m52s    
0.246 0.28 0.271 0.28 0.228 
20h20m34s 64d41m10s    
0.654 0.727 0.902 0.735 0.519 
12h56m50s 39d32m23s    
0.043 0.049 0.044 0.047 0.047 
5h45m07s -80d38m36s    
0.364 0.346 0.378 0.253 0.271 
12h52m50s 46d24m58s    
0.034 0.069 0.05 0.045 0.026 
10h04m26s 39d08m50s    
0.035 0.05 0.049 0.034 0.03 
23h45m36s -89d45m13s    
0.543 0.404 0.543 0.338 0.535 
2h25m00s 40d29m45s    
0.157 0.15 0.142 0.14 0.153 
21h27m05s 14d19m21s    
0.22 0.253 0.207 0.277 0.251 
14h48m13s -42d34m33s    
0.427 0.356 0.408 0.29 0.45 
23h50m38s -15d42m07s    
0.083 0.085 0.083 0.107 0.08 
8h22m25s 34d35m16s    
0.132 0.118 0.137 0.131 0.134 
22h25m11s 50d18m20s    
0.877 0.779 0.778 0.891 0.957 
13h38m35s -19d51m09s    
0.236 0.279 0.238 0.258 0.246 
12h57m13s -48d00m30s    
0.56 0.39 0.512 0.343 0.447 
20h29m45s 52d43m18s    
0.98 1.224 1.319 0.98 0.697 
13h24m40s 26d29m30s    
0.042 0.03 0.044 0.049 0.051 
6h36m06s 8d30m58s    
2.049 2.558 2.036 2.203 2.287 
20h18m22s 67d15m21s    
1.152 0.946 1.515 1.22 0.921 
11h39m24s -53d53m21s    
0.587 0.6 0.585 0.535 0.562 
17h53m49s -55d13m15s    
0.376 0.302 0.31 0.315 0.271 
17h21m58s -24d56m15s    
2.695 2.074 2.781 2.026 2.567 
4h08m04s 29d05m38s    
1.967 0.842 2.246 1.663 1.601 
10h54m58s -8d36m47s    
0.13 0.102 0.109 0.083 0.103 
15h52m30s 69d50m54s    
0.083 0.08 0.078 0.106 0.078 
10h03m38s 69d23m46s    
0.145 0.17 0.115 0.155 0.245 
5h45m52s 47d07m48s    
0.887 1.064 1.025 0.907 1.157 
15h53m25s -33d17m54s    
0.615 0.583 0.576 0.55 0.533 
18h36m44s -84d35m32s    
0.515 0.528 0.461 0.443 0.205 
4h06m11s 66d58m22s    
2.127 2.839 1.793 2.428 2.592 
7h15m17s -83d05m42s    
0.395 0.355 0.429 0.433 0.475 
20h19m05s -81d34m20s    
0.733 0.689 0.608 0.672 0.891 
14h57m42s 75d58m41s    
0.082 0.063 0.078 0.079 0.079 
11h30m15s 20d24m39s    
0.057 0.049 0.069 0.065 0.05 
3h50m20s 48d07m33s    
2.112 1.377 2.192 1.948 1.676 
10h33m59s -13d38m10s    
0.227 0.145 0.163 0.134 0.187 
22h13m31s -85d13m57s    
0.388 0.447 0.404 0.378 0.305 
0h01m45s -16d03m07s    
0.068 0.08 0.083 0.086 0.075 
22h41m45s 81d45m11s    
0.592 0.392 0.705 0.696 0.463 
13h41m30s -59d32m23s    
4.078 3.418 4.386 2.744 3.692 
3h04m42s 81d30m10s    
1.025 0.665 0.82 0.85 0.693 
8h30m31s 35d15m16s    
0.14 0.097 0.108 0.116 0.138 
15h49m45s -60d36m17s    
1.863 1.417 1.188 1.579 1.628 
23h04m39s 55d12m51s    
1.74 0.987 1.595 1.51 1.706 
4h27m29s 29d31m28s    
1.845 2.078 2.406 1.961 1.399 
13h11m02s -12d26m23s    
0.122 0.156 0.145 0.136 0.131 
21h52m03s -62d20m59s    
0.093 0.086 0.085 0.104 0.087 
21h14m56s -85d26m37s    
0.407 0.377 0.354 0.392 0.402 
7h36m59s 49d29m46s    
0.206 0.244 0.205 0.218 0.22 
11h03m07s -50d35m05s    
0.901 0.854 0.794 0.629 0.861 
5h07m43s -58d50m46s    
0.058 0.065 0.062 0.057 0.055 
7h17m05s 31d19m21s    
0.18 0.162 0.178 0.179 0.169 
2h25m52s 42d45m35s    
0.174 0.148 0.187 0.162 0.189 
4h25m32s -56d04m58s    
0.047 0.042 0.042 0.023 0.052 
5h35m25s -75d00m36s    
0.209 0.216 0.267 0.306 0.277 
12h17m18s -85d36m06s    
0.34 0.322 0.331 0.43 0.566 
2h04m46s -23d00m03s    
0.039 0.043 0.043 0.042 0.04 
6h19m09s 53d20m06s    
0.399 0.443 0.342 0.473 0.517 
1h00m55s 35d51m43s    
0.117 0.136 0.099 0.12 0.136 
9h37m24s -84d56m56s    
0.459 0.435 0.446 0.463 0.458 
23h57m44s -17d52m46s    
0.062 0.056 0.056 0.061 0.068 
1h36m30s -49d53m50s    
0.048 0.056 0.06 0.048 0.048 
14h37m30s 66d23m26s    
0.043 0.043 0.061 0.038 0.03 
19h55m54s -65d20m46s    
0.209 0.2 0.223 0.166 0.238 
23h05m06s -20d26m50s    
0.081 0.08 0.084 0.08 0.088 
23h43m18s -75d35m38s    
0.103 0.083 0.12 0.106 0.106 
13h53m11s 82d35m43s    
0.215 0.116 0.168 0.135 0.365 
11h15m19s -37d13m52s    
0.302 0.323 0.317 0.286 0.281 
7h52m16s 19d07m54s    
0.115 0.134 0.12 0.133 0.118 
1h54m04s 67d57m15s    
3.736 4.708 4.078 3.712 3.029 
4h17m23s -31d33m18s    
0.119 0.122 0.114 0.129 0.09 
3h24m37s -50d21m25s    
0.033 0.04 0.037 0.043 0.032 
5h00m49s 30d45m22s    
1.628 1.537 1.847 1.574 1.437 
9h15m26s -38d22m27s    
0.825 0.638 0.615 0.542 0.897 
22h02m31s 76d32m54s    
2.839 1.519 2.125 2.61 1.839 
4h45m53s 58d30m37s    
2.291 1.735 2.591 2.464 1.552 
21h39m32s 88d02m13s    
1.086 0.842 0.873 0.923 1.381 
23h51m27s 51d34m10s    
0.616 0.486 0.663 0.504 0.603 
4h18m44s 0d27m29s    
0.318 0.363 0.314 0.325 0.362 
12h02m02s 55d55m03s    
0.048 0.037 0.035 0.036 0.035 
9h30m08s -17d51m02s    
0.213 0.186 0.168 0.158 0.182 
0h29m38s 41d19m53s    
0.196 0.17 0.169 0.212 0.221 
8h41m39s 49d18m00s    
0.102 0.068 0.073 0.083 0.107 
