1.535372E+01  5.773076E-02  55797.9309
1.510490E+01  5.365074E-02  55797.9978
1.388167E+01  5.060764E-02  55799.0058
1.376932E+01  4.459965E-02  55799.1360
1.369711E+01  4.433148E-02  55799.2135
1.362342E+01  4.421488E-02  55799.4037
1.348336E+01  4.219757E-02  55799.5432
1.310403E+01  4.184371E-02  55800.0719
1.301607E+01  4.575415E-02  55800.2084
1.293992E+01  4.290386E-02  55800.3436
1.276136E+01  3.952608E-02  55800.6183
1.270724E+01  4.189311E-02  55800.7400
1.270707E+01  4.824434E-02  55800.8107
1.263613E+01  4.900983E-02  55800.9372
1.248776E+01  4.505157E-02  55801.1424
1.242734E+01  4.363412E-02  55801.2235
1.240128E+01  4.360892E-02  55801.4908
1.231512E+01  6.461152E-02  55801.5407
1.235710E+01  3.593620E-02  55801.5424
1.225386E+01  4.521978E-02  55802.1588
1.212876E+01  4.155847E-02  55802.2205
1.139064E+01  2.302892E+00  55804.2979
1.136291E+01  1.936748E+00  55804.4986
1.129204E+01  3.551268E-02  55804.5012
1.134783E+01  2.535631E+00  55805.4327
1.106843E+01  3.589124E-02  55805.4342
1.139137E+01  8.055547E+00  55806.7668
1.080867E+01  3.643216E-02  55806.7679
1.135081E+01  3.374618E+00  55807.0228
1.084383E+01  3.752365E-02  55807.0237
1.135652E+01  5.606890E+00  55807.8369
1.065212E+01  3.621133E-02  55807.8384
1.134736E+01  5.439114E+00  55808.9092
1.057377E+01  3.663218E-02  55808.9106
1.133027E+01  1.282743E-01  55809.6501
1.047667E+01  3.644947E-02  55809.6519
1.137423E+01  2.249143E-01  55810.3126
1.065819E+01  3.840450E-02  55810.3141
1.156936E+01  5.208076E-01  55811.0341
1.039838E+01  3.812167E-02  55811.0352
1.142084E+01  3.260679E-01  55811.6365
1.031807E+01  3.791600E-02  55811.6375
1.138335E+01  2.554292E-01  55812.3739
1.032487E+01  3.880935E-02  55812.3751
1.139181E+01  2.759529E-01  55812.5738
1.054655E+01  4.205265E-02  55812.5747
1.135079E+01  1.156705E-01  55813.1176
1.030737E+01  3.886438E-02  55813.1187
1.134691E+01  1.257377E-01  55814.2552
1.027141E+01  4.018416E-02  55814.2564
1.137571E+01  2.247652E-01  55814.9173
1.045805E+01  4.012701E-02  55814.9191
1.135504E+01  8.869699E+00  55815.2549
1.027475E+01  3.772701E-02  55815.2566
1.158696E+01  5.348578E-01  55815.3935
1.032836E+01  4.028510E-02  55815.3947
1.142281E+01  2.844993E-01  55816.3270
1.025863E+01  3.783663E-02  55816.3287
1.147488E+01  3.954174E-01  55817.7964
1.140858E+01  2.657959E-01  55817.8658
1.137479E+01  2.353334E-01  55818.4059
1.137014E+01  2.245619E-01  55819.0656
1.033493E+01  3.891430E-02  55819.0670
1.141490E+01  1.092157E+01  55820.8749
1.030458E+01  3.851808E-02  55820.8760
1.149477E+01  4.218754E-01  55820.9413
1.036853E+01  3.758421E-02  55820.9429
1.135397E+01  3.450871E+00  55822.2138
1.036404E+01  3.937991E-02  55822.2148
1.160359E+01  5.531365E-01  55822.8832
1.033953E+01  4.394249E-02  55822.8837
1.137542E+01  2.246977E-01  55823.0174
1.043114E+01  3.848502E-02  55823.0184
1.147356E+01  3.781485E-01  55823.0846
1.038547E+01  3.845696E-02  55823.0855
1.156891E+01  5.441518E-01  55824.4233
1.046480E+01  3.936491E-02  55824.4242
1.149288E+01  4.318145E-01  55825.2958
1.058493E+01  3.734199E-02  55825.2975
1.135093E+01  1.371764E-01  55826.9068
1.059633E+01  3.712381E-02  55826.9079
1.135532E+01  1.599632E-01  55826.9707
1.067032E+01  3.842724E-02  55826.9716
1.139386E+01  1.055313E+01  55829.4430
1.075627E+01  3.666908E-02  55829.4442
1.141131E+01  2.983594E-01  55829.5125
1.079422E+01  3.783568E-02  55829.5134
1.136183E+01  2.446549E+00  55831.7928
1.088363E+01  3.650840E-02  55831.7940
1.141013E+01  1.083368E+01  55831.9154
1.086186E+01  3.655611E-02  55831.9165
1.136089E+01  3.872025E+00  55832.9851
1.094387E+01  3.671325E-02  55832.9861
1.137358E+01  4.232520E+00  55833.4564
1.095796E+01  3.592513E-02  55833.4582
1.136776E+01  2.626089E+00  55833.5253
1.090500E+01  3.646602E-02  55833.5263
1.143703E+01  5.461179E+00  55835.3930
1.101842E+01  3.594670E-02  55835.3946
1.138211E+01  3.058422E+00  55835.4617
1.104524E+01  3.620533E-02  55835.4629
1.137539E+01  3.255231E+00  55836.4655
1.110686E+01  3.604208E-02  55836.4668
1.147957E+01  5.123105E+00  55836.5346
1.119043E+01  3.635135E-02  55836.5357
1.136739E+01  2.433768E+00  55838.3372
1.119932E+01  3.583507E-02  55838.3388
1.136777E+01  2.542889E+00  55838.9404
1.118146E+01  3.606645E-02  55838.9415
1.137339E+01  2.319314E+00  55839.6109
1.125349E+01  3.603721E-02  55839.6121
1.139682E+01  2.433242E+00  55840.2113
1.130168E+01  3.588358E-02  55840.2128
1.137372E+01  2.229228E+00  55840.3502
1.127328E+01  3.641633E-02  55840.3511
1.139344E+01  2.458173E+00  55841.3441
1.136462E+01  3.600680E-02  55841.3453
1.137032E+01  1.834038E+00  55841.8863
1.136943E+01  3.607201E-02  55841.8874
1.145552E+01  8.942971E-02  55842.3515
1.141240E+01  3.607649E-02  55842.3527
1.139152E+01  9.719236E-02  55842.8904
1.144096E+01  3.608196E-02  55842.8915
1.141970E+01  9.728232E-02  55843.4849
1.145715E+01  3.604370E-02  55843.4860
1.145769E+01  1.074514E-01  55843.7492
1.146329E+01  3.614867E-02  55843.7502
1.148890E+01  8.080116E-02  55844.0178
1.151579E+01  3.609015E-02  55844.0190
1.153369E+01  9.129562E-02  55844.0844
1.163300E+01  3.634793E-02  55844.0855
1.172176E+01  1.112029E-01  55845.4218
1.162541E+01  3.615297E-02  55845.4229
1.153767E+01  8.217344E-02  55845.4880
1.160289E+01  3.629832E-02  55845.4890
1.167491E+01  7.335697E-02  55846.7002
1.172894E+01  3.609709E-02  55846.7014
1.175041E+01  6.503394E-02  55847.4364
1.179067E+01  3.608588E-02  55847.4376
1.184439E+01  4.649768E-02  55848.0445
1.180747E+01  7.944974E-02  55848.5118
1.182242E+01  3.536434E-02  55848.5164
1.186516E+01  4.219727E-02  55849.5119
1.192443E+01  7.689038E-02  55851.6590
1.198490E+01  3.570826E-02  55851.6609
1.197943E+01  7.215904E-02  55852.2417
1.198237E+01  3.612343E-02  55852.2429
1.196814E+01  4.171768E-02  55852.3234
1.199885E+01  7.352286E-02  55853.3119
1.203025E+01  3.563452E-02  55853.3140
1.205491E+01  4.108372E-02  55853.7188
1.206545E+01  4.469641E-02  55854.8593
1.211963E+01  4.410489E-02  55855.5873
1.210705E+01  4.425440E-02  55855.6574
1.213171E+01  4.383848E-02  55856.3898
1.216236E+01  4.375411E-02  55856.4565
1.219171E+01  4.276625E-02  55857.4606
1.223771E+01  5.216004E-02  55857.5222
1.219008E+01  6.905593E-02  55857.5286
1.222704E+01  3.561222E-02  55857.5311
1.223341E+01  5.185634E-02  55858.5251
1.221424E+01  4.415542E-02  55859.5343
1.221214E+01  4.405141E-02  55860.0070
1.224258E+01  4.881009E-02  55860.0641
1.225066E+01  6.568400E-02  55860.0716
1.225666E+01  3.579928E-02  55860.0734
1.235839E+01  4.049259E-02  55861.1390
1.230035E+01  6.771161E-02  55861.6025
1.229609E+01  3.659458E-02  55861.6035
1.230342E+01  4.024329E-02  55862.2753
1.227010E+01  6.549729E-02  55862.7379
1.232418E+01  3.589018E-02  55862.7395
1.239397E+01  4.075769E-02  55863.0110
1.248772E+01  6.653037E-02  55864.1426
1.243472E+01  3.616268E-02  55864.1440
1.241555E+01  4.048478E-02  55864.8850
1.240639E+01  6.477142E-02  55865.0116
1.241834E+01  3.598712E-02  55865.0132
1.245778E+01  4.065195E-02  55865.2183
1.241590E+01  6.899704E-02  55866.6170
1.249881E+01  3.599945E-02  55866.6187
1.247828E+01  4.083342E-02  55866.8907
1.257647E+01  6.889295E-02  55867.2191
1.262391E+01  3.612051E-02  55867.2208
1.244693E+01  4.607836E-02  55867.3589
1.248378E+01  4.194991E-02  55867.9613
1.253386E+01  6.864724E-02  55868.0228
1.257363E+01  3.642779E-02  55868.0240
1.258154E+01  4.081913E-02  55868.0956
1.255524E+01  4.925555E-02  55868.4904
1.255957E+01  6.660252E-02  55869.0262
1.271899E+01  3.659770E-02  55869.0275
1.257759E+01  4.102432E-02  55869.1649
1.263684E+01  4.077835E-02  55873.1170
1.262662E+01  4.760748E-02  55875.7238
1.279494E+01  4.068651E-02  55877.9408
1.282675E+01  4.074901E-02  55879.2084
1.289976E+01  4.053102E-02  55881.9555
1.297248E+01  4.028877E-02  55885.9020
1.305126E+01  4.100375E-02  55887.3093
1.304693E+01  4.061579E-02  55889.7843
1.314340E+01  4.076224E-02  55891.8427
1.323979E+01  4.122280E-02  55893.9149
1.324216E+01  4.126763E-02  55895.9195
1.329140E+01  4.568570E-02  55897.4641
1.329124E+01  4.108735E-02  55899.6657
1.349043E+01  4.196653E-02  55901.5399
1.345289E+01  4.155206E-02  55903.7387
1.347530E+01  4.134953E-02  55905.0753
1.357311E+01  4.222418E-02  55909.9551
1.360695E+01  4.196632E-02  55913.8987
