  B 2455799.59598  14.0717   2   0.0343   0.0243    3  0.051  0.029    0.038  
  B 2455800.56549  13.3209   3   0.0781   0.0451   15  0.025  0.006    0.046  
  B 2455802.54453  12.1478   3   0.0486   0.0281    9  0.010  0.003    0.028  
  B 2455803.54071  11.6895   3   0.0403   0.0233   12  0.010  0.003    0.023  
  B 2455804.55366  11.3101   3   0.0424   0.0245   10  0.007  0.002    0.025  
  B 2455808.53192  10.3460   2   0.0635   0.0449    8  0.010  0.003    0.045  
  B 2455814.52470  10.0336   3   0.0672   0.0388    6  0.004  0.002    0.039  
  B 2455815.51852   9.9809   3   0.0264   0.0152   11  0.004  0.001    0.015  
  B 2455816.51976  10.0718   3   0.0893   0.0516   10  0.005  0.002    0.052  
  B 2455817.58878  10.0599   2   0.1011   0.0715    3  0.006  0.003    0.072  
  B 2455820.51220  10.1713   3   0.0169   0.0098    6  0.004  0.002    0.010  
  B 2455822.50947  10.3259   3   0.0296   0.0171    9  0.003  0.001    0.017  
  B 2455823.52351  10.4045   3   0.0261   0.0151   11  0.005  0.001    0.015  
  B 2455825.50812  10.6226   3   0.0514   0.0297    8  0.005  0.002    0.030  
  B 2455827.50565  10.8291   3   0.0492   0.0284    9  0.006  0.002    0.028  
  B 2455829.50055  11.0429   3   0.0990   0.0572   11  0.007  0.002    0.057  
  B 2455830.51178  11.1673   3   0.0232   0.0134   13  0.008  0.002    0.014  
  B 2455832.50836  11.4226   3   0.0995   0.0574    4  0.007  0.003    0.058  
  B 2455839.52221  12.2282   3   0.0265   0.0153    6  0.012  0.005    0.016  
  B 2455840.49439  12.3119   3   0.0667   0.0385    9  0.012  0.004    0.039  
  B 2455841.48850  12.4070   3   0.0838   0.0484    7  0.015  0.006    0.049  
  B 2455842.48702  12.5032   3   0.0645   0.0372    9  0.016  0.005    0.038  
  B 2455844.48937  12.6881   3   0.0593   0.0342    7  0.018  0.007    0.035  
  B 2455852.91651  13.0975   3   0.0321   0.0185   12  0.035  0.010    0.021  
  B 2455858.46479  13.3141   2   0.0339   0.0240    6  0.057  0.023    0.034  
  B 2455859.47936  13.2901   3   0.0263   0.0152    6  0.015  0.006    0.016  
  B 2455864.88261  13.3404   2   0.0507   0.0359   15  0.028  0.007    0.037  
  B 2455868.47866  13.3640   3   0.0192   0.0111    7  0.034  0.013    0.017  
  B 2455870.91482  13.3747   3   0.0167   0.0096   13  0.019  0.005    0.011  
  B 2455872.90012  13.3715   3   0.0681   0.0393   13  0.039  0.011    0.041  
  B 2455883.90640  13.5844   3   0.0048   0.0028   10  0.016  0.005    0.006  
  B 2455887.93023  13.5984   3   0.0190   0.0110   14  0.016  0.004    0.012  
  B 2455889.93796  13.6991   2   0.0500   0.0354   15  0.047  0.012    0.037  
  B 2455890.94326  13.6577   3   0.0324   0.0187   15  0.035  0.009    0.021  
  B 2455898.91964  13.7613   3   0.0558   0.0322    1  0.018  0.018    0.037  
  B 2455905.95130  13.8311   3   0.0482   0.0278    1  0.018  0.018    0.033  
  B 2455907.93355  13.8768   3   0.0330   0.0191    1  0.017  0.017    0.026  
  B 2455913.89338  13.9188   3   0.0507   0.0293    1  0.019  0.019    0.035  
  B 2455924.92963  14.0780   3   0.0511   0.0295    1  0.020  0.020    0.036  
  B 2455932.92253  14.1910   3   0.0360   0.0208    1  0.024  0.024    0.032  
  B 2455935.95595  14.2186   3   0.0601   0.0347    1  0.022  0.022    0.041  
  B 2455937.92449  14.2532   3   0.0300   0.0173    1  0.020  0.020    0.026  
  B 2455942.72378  14.2977   3   0.0475   0.0274    1  0.027  0.027    0.038  
  B 2455945.95938  14.3773   3   0.0262   0.0151    1  0.029  0.029    0.033  
  B 2455948.86319  14.4203   3   0.0459   0.0265    1  0.025  0.025    0.036  
  B 2455954.82745  14.5245   3   0.0642   0.0371    1  0.024  0.024    0.044  
  B 2455966.91052  14.7158   3   0.0352   0.0203    1  0.026  0.026    0.033  
  B 2455973.68564  14.7924   3   0.0429   0.0248    1  0.036  0.036    0.044  
  B 2455978.67712  14.8845   3   0.0586   0.0338    1  0.031  0.031    0.046  


  V 2455799.56010  13.7763   2   0.0125   0.0088    4  0.027  0.013    0.016  
  V 2455800.58058  13.0248   3   0.0211   0.0122    6  0.008  0.003    0.013  
  V 2455802.55553  12.0486   3   0.0194   0.0112    8  0.007  0.002    0.011  
  V 2455803.55104  11.6435   3   0.0268   0.0155    8  0.007  0.003    0.016  
  V 2455804.56496  11.2995   3   0.0146   0.0084   11  0.006  0.002    0.009  
  V 2455806.54468  10.6593   2   0.0243   0.0172    4  0.021  0.010    0.020  
  V 2455808.54357  10.4661   3   0.0495   0.0286    9  0.006  0.002    0.029  
  V 2455814.53011  10.0142   3   0.0042   0.0024    3  0.004  0.002    0.003  
  V 2455815.52914  10.0123   3   0.0207   0.0120    7  0.003  0.001    0.012  
  V 2455816.53069   9.9984   3   0.0144   0.0083    8  0.004  0.001    0.008  
  V 2455817.57918   9.9032   2   0.0832   0.0588    3  0.007  0.004    0.059  
  V 2455820.52958  10.0818   3   0.0226   0.0130    7  0.004  0.001    0.013  
  V 2455822.51894  10.1345   3   0.0106   0.0061    7  0.004  0.002    0.006  
  V 2455823.53318  10.1855   3   0.0245   0.0141    6  0.004  0.001    0.014  
  V 2455825.51717  10.3111   3   0.0149   0.0086    8  0.004  0.001    0.009  
  V 2455827.51474  10.4587   3   0.0279   0.0161    8  0.004  0.001    0.016  
  V 2455829.51024  10.5738   3   0.0329   0.0190    7  0.004  0.001    0.019  
  V 2455830.52316  10.6288   3   0.0189   0.0109    5  0.005  0.002    0.011  
  V 2455832.50957  10.7385   3   0.0194   0.0112    5  0.004  0.002    0.011  
  V 2455839.53027  11.1158   3   0.0276   0.0159    6  0.006  0.003    0.016  
  V 2455840.50500  11.1801   3   0.0218   0.0126    7  0.005  0.002    0.013  
  V 2455841.49662  11.2374   3   0.0186   0.0107    5  0.006  0.003    0.011  
  V 2455842.49860  11.2942   3   0.0097   0.0056    8  0.006  0.002    0.006  
  V 2455844.50115  11.4298   3   0.0277   0.0160    7  0.008  0.003    0.016  
  V 2455852.90209  11.9210   3   0.0234   0.0135    6  0.011  0.005    0.014  
  V 2455858.47672  12.1442   3   0.0330   0.0191    6  0.012  0.005    0.020  
  V 2455859.48648  12.1571   3   0.0161   0.0093    5  0.010  0.005    0.010  
  V 2455864.89516  12.3323   3   0.0197   0.0114   10  0.014  0.005    0.012  
  V 2455868.48886  12.4408   2   0.0174   0.0123    8  0.017  0.006    0.014  
  V 2455870.90388  12.4781   3   0.0280   0.0162   10  0.009  0.003    0.016  
  V 2455872.88434  12.5089   3   0.0258   0.0149    9  0.020  0.007    0.016  
  V 2455883.91502  12.8257   3   0.0159   0.0092   10  0.009  0.003    0.010  
  V 2455887.91700  12.9266   3   0.0084   0.0048    8  0.010  0.003    0.006  
  V 2455889.92314  12.9677   3   0.0311   0.0180   10  0.017  0.005    0.019  
  V 2455890.93122  12.9879   3   0.0285   0.0165   10  0.030  0.009    0.019  
  V 2455898.90786  13.2170   3   0.0152   0.0088    1  0.011  0.011    0.014  
  V 2455905.94280  13.3982   3   0.0064   0.0037    1  0.012  0.012    0.013  
  V 2455907.92167  13.4424   3   0.0241   0.0139    1  0.011  0.011    0.018  
  V 2455913.88547  13.5591   3   0.0238   0.0137    1  0.013  0.013    0.019  
  V 2455924.91943  13.8111   3   0.0143   0.0083    1  0.014  0.014    0.016  
  V 2455932.94255  14.0062   3   0.0212   0.0122    1  0.018  0.018    0.022  
  V 2455935.97942  14.0536   3   0.0126   0.0073    1  0.015  0.015    0.017  
  V 2455937.91838  14.1245   3   0.0042   0.0024    1  0.015  0.015    0.015  
  V 2455942.71683  14.2042   3   0.0105   0.0061    1  0.024  0.024    0.025  
  V 2455945.88807  14.2717   3   0.0243   0.0140    1  0.030  0.030    0.033  
  V 2455948.85630  14.3363   3   0.0236   0.0136    1  0.019  0.019    0.023  
  V 2455954.81884  14.4648   3   0.0189   0.0109    1  0.018  0.018    0.021  
  V 2455966.90017  14.6225   3   0.0094   0.0054    1  0.023  0.023    0.024  
  V 2455973.67027  14.7540   3   0.0332   0.0192    1  0.034  0.034    0.039  
  V 2455978.66770  14.8941   3   0.0035   0.0020    1  0.026  0.026    0.026  
