00020045001
00030896001
00030896002
00030896003
00030896004
00030896005
00030896006
00030896007
00030896008
00030896009
00032081001
00032081002
00032081003
00032081004
00032081005
00032081006
00032081007
00032081008
00032081009
00032081010
00032081011
00032081012
00032081013
00032081014
00032081015
00032081016
00032081017
00032081018
00032081019
00032081020
00032081021
00032081022
00032081023
00032081024
00032081025
00032081026
00032081027
00032081028
00032081029
00032081030
00032081031
00032081032
00032081033
00032081034
00032081035
00032081036
00032081037
00032081038
00032081039
00032081040
00032081041
00032081042
00032081043
00032081044
00032081045
00032081046
00032081047
00032081048
00032081049
00032081050
00032081051
00032081052
00032081053
00032081055
00032081056
00032081057
00032081058
00032081059
00032081060
00032081061
00032081062
00032081063
00032081064
00032081065
00032081066
00032081067
00032081068
00032081069
00032081070
00032081071
00032081072
00032081073
00032081074
00032081075
00032081076
00032081077
00032081079
00032081080
00032081081
00032081082
00032081083
00032081084
00032081085
00032081086
00032081087
00032081088
00032081089
00032081090
00032081091
00032081092
00032081094
00032081095
00032081096
00032081097
00032081098
00032081099
00032081100
00032081101
00032081102
00032081103
00032081104
00032081105
00032081106
00032081107
00032081108
00032081109
00032081110
00032081111
00032081112
00032081113
00032081114
00032081115
00032081116
00032081117
00032081118
00032081119
00032081120
00032081121
00032081122
00032081123
00032081124
00032081125
00032081126
00032081127
00032081128
00032081129
00032081130
00032081131
00032081132
00032081133
00032081134
00032088001
00032094001
00032094002
00032094003
00032094004
00032094005
00032094006
00032094007
00032094008
00032094009
00032094010
00032094011
00032094012
00032094013
00032094014
00032101001
00032101002
00032101003
00032101004
00032101005
00032101006
00032101007
00032101008
00032101009
00032101010
00032101011
00035892001
00067099001
00067099002
00067099003
00067099012
00067099013
00067099014
00103647000
