#hicken
53675.20870 16.799 0.009
53676.17450 16.615 0.029
53676.24110 16.569 0.010
53678.26820 16.239 0.006
53679.19940 16.159 0.006
53680.25910 16.062 0.009
53681.14580 16.008 0.007
53681.16330 15.995 0.008
53682.11810 15.952 0.010
53682.26850 15.952 0.007
53683.15660 15.941 0.017
53683.17320 15.915 0.016
53688.26650 16.031 0.016
53689.18390 16.087 0.011
53691.26510 16.300 0.016
53692.24390 16.418 0.018
53693.26350 16.555 0.018
53694.24410 16.727 0.018
53695.21190 16.816 0.011
53696.20530 16.967 0.014
53697.15720 17.108 0.017
53701.13350 17.842 0.026
53705.07980 18.041 0.020
53707.20210 18.193 0.023
53709.16410 18.341 0.026
53728.10330 18.885 0.073
53729.15040 18.828 0.037
53731.13640 18.761 0.054
53752.09790 19.186 0.051
53758.12940 19.268 0.067
# Phillips et al. 2007, PASP, 119, 360
53675.60 16.815 0.016 	16.875 0.015 
53677.65 16.417 0.016 	16.466 0.015 
53682.59 15.971 0.016 	15.940 0.015 
53683.59 15.917 0.016 	15.885 0.015 
53684.62 15.921 0.016 	15.836 0.015 
53687.60 15.974 0.016 	15.736 0.016 
53689.66 16.129 0.016 	15.765 0.016 
53690.61 16.210 0.016 	15.764 0.015 
53694.66 16.715 0.016 	15.913 0.015 
53695.64 16.864 0.016 	15.964 0.015 
53698.59 17.327 0.016 	16.207 0.015 
53699.62 17.480 0.016 	16.288 0.015 
53702.63 17.851 0.016 	16.543 0.015 
53706.67 18.233 0.016 	16.843 0.016 
53712.57 18.488 0.018 	17.133 0.015 
53720.56 18.712 0.032 	17.423 0.015 
53725.59 18.818 0.020 	17.524 0.015 
53728.61 18.901 0.021 	17.619 0.016 
53730.63 18.848 0.021 	17.655 0.015 
53736.55 18.925 0.016 	17.742 0.015 
53739.55 18.993 0.017 	17.808 0.015 

