#Stritzinger et al. 2011, AJ, 142, 156
54185.05 16.630 0.008 16.038 006 
54190.11 16.584 0.010 15.703 006 
54194.01 17.183 0.010 15.986 006 
54197.05 17.697 0.014 16.370 008 
54206.99 18.588 0.070 17.298 016 
54212.96 18.707 0.025 17.596 016                     
54218.98 18.883 0.038 17.820 018 
54223.96 19.078 0.044 18.070 018 
54228.97 19.235 0.036 18.274 021 
54234.95 19.419 0.035 18.516 025 
54238.95 19.487 0.040 18.578 024 
54245.95 19.531 0.073 18.812 042 
# shifted by 53000 but not the 0.5
# sn07ax hicken
54195.18620 17.682 0.054
54196.17232 17.555 0.031
54197.12284 17.747 0.023
54198.17744 17.883 0.024
54201.18597 18.240 0.031
54202.13578 18.317 0.038
54209.19899 18.841 0.058
54210.18000 18.851 0.055
54212.13337 19.477 0.118
54226.19537 20.106 0.418

